2.775312 -29.794004 -0.428707
2.646394 -27.795081 2.713995
3.127514 -28.072852 1.142644
2.517475 -25.796158 5.856697
2.998596 -26.073928 4.285346
2.869677 -24.075005 7.428047
3.350798 -24.352776 5.856697
2.740759 -22.076082 10.570749
3.221880 -22.353853 8.999398
3.703001 -22.631624 7.428047
2.611840 -20.077159 13.713451
3.092961 -20.354930 12.142100
3.574082 -20.632701 10.570749
4.055203 -20.910472 8.999398
2.482921 -18.078236 16.856153
2.964042 -18.356007 15.284802
3.445163 -18.633778 13.713451
3.926284 -18.911548 12.142100
4.407405 -19.189319 10.570749
2.835124 -16.357084 18.427504
3.316245 -16.634854 16.856153
3.797366 -16.912625 15.284802
4.278487 -17.190396 13.713451
4.759608 -17.468167 12.142100
2.706205 -14.358160 21.570206
3.187326 -14.635931 19.998855
3.668447 -14.913702 18.427504
4.149568 -15.191473 16.856153
4.630689 -15.469244 15.284802
2.577287 -12.359237 24.712908
3.058408 -12.637008 23.141557
3.539529 -12.914779 21.570206
4.020649 -13.192550 19.998855
4.501770 -13.470321 18.427504
4.982891 -13.748091 16.856153
2.929489 -10.638085 26.284259
3.410610 -10.915856 24.712908
3.891731 -11.193627 23.141557
4.372852 -11.471397 21.570206
4.853973 -11.749168 19.998855
5.335094 -12.026939 18.427504
2.800570 -8.639162 29.426961
3.281691 -8.916933 27.855610
3.762812 -9.194703 26.284259
4.243933 -9.472474 24.712908
4.725054 -9.750245 23.141557
5.206175 -10.028016 21.570206
5.687296 -10.305787 19.998855
3.152773 -6.918009 30.998312
3.633894 -7.195780 29.426961
4.115015 -7.473551 27.855610
4.596136 -7.751322 26.284259
5.077257 -8.029093 24.712908
5.558377 -8.306864 23.141557
6.039498 -8.584635 21.570206
3.986096 -5.474628 30.998312
4.467217 -5.752399 29.426961
4.948338 -6.030170 27.855610
5.429459 -6.307941 26.284259
5.910580 -6.585711 24.712908
6.391701 -6.863482 23.141557
4.819419 -4.031247 30.998312
5.300540 -4.309017 29.426961
5.781661 -4.586788 27.855610
6.262782 -4.864559 26.284259
5.652743 -2.587865 30.998312
6.133864 -2.865636 29.426961
6.614984 -3.143407 27.855610
6.486066 -1.144484 30.998312
6.967187 -1.422254 29.426961
7.319389 0.298898 30.998312
27.190086 4.568955 -11.635860
25.394494 1.310056 -11.846378
25.875628 2.698941 -11.060703
23.598903 -1.948843 -12.056897
24.080036 -0.559957 -11.271222
22.284445 -3.818856 -11.481741
22.765578 -2.429971 -10.696066
20.488853 -7.077755 -11.692260
20.969986 -5.688869 -10.906584
21.451120 -4.299984 -10.120909
18.693261 -10.336654 -11.902779
19.174395 -8.947768 -11.117103
19.655528 -7.558883 -10.331428
20.136662 -6.169998 -9.545753
16.897670 -13.595552 -12.113298
17.378803 -12.206667 -11.327622
17.859936 -10.817782 -10.541947
18.341070 -9.428896 -9.756271
18.822203 -8.040011 -8.970596
15.583211 -15.465566 -11.538141
16.064345 -14.076680 -10.752466
16.545478 -12.687795 -9.966790
17.026612 -11.298910 -9.181115
17.507745 -9.910024 -8.395440
13.787620 -18.724465 -11.748660
14.268753 -17.335579 -10.962985
14.749887 -15.946694 -10.177309
15.231020 -14.557808 -9.391634
15.712153 -13.168923 -8.605958
11.992028 -21.983363 -11.959179
12.473161 -20.594478 -11.173503
12.954295 -19.205593 -10.387828
13.435428 -17.816707 -9.602153
13.916562 -16.427822 -8.816477
14.397695 -15.038937 -8.030802
10.677570 -23.853377 -11.384022
11.158703 -22.464491 -10.598347
11.639837 -21.075606 -9.812672
12.120970 -19.686721 -9.026996
12.602104 -18.297835 -8.241321
13.083237 -16.908950 -7.455645
8.881978 -27.112276 -11.594541
9.363112 -25.723390 -10.808866
9.844245 -24.334505 -10.023191
10.325378 -22.945619 -9.237515
10.806512 -21.556734 -8.451840
11.287645 -20.167849 -7.666164
11.768779 -18.778963 -6.880489
7.567520 -28.982289 -11.019385
8.048653 -27.593404 -10.233709
8.529787 -26.204518 -9.448034
9.010920 -24.815633 -8.662359
9.492054 -23.426747 -7.876683
9.973187 -22.037862 -7.091008
10.454321 -20.648977 -6.305332
6.734195 -29.463417 -9.658553
7.215329 -28.074532 -8.872878
7.696462 -26.685646 -8.087202
8.177595 -25.296761 -7.301527
8.658729 -23.907876 -6.515851
9.139862 -22.518990 -5.730176
5.900870 -29.944545 -8.297721
6.382004 -28.555660 -7.512046
6.863137 -27.166774 -6.726370
7.344271 -25.777889 -5.940695
5.067546 -30.425673 -6.936889
5.548679 -29.036788 -6.151214
6.029812 -27.647902 -5.365538
4.234221 -30.906801 -5.576057
4.715354 -29.517916 -4.790382
3.400896 -31.387929 -4.215225
3.012341 -31.460446 -3.366007
3.192635 -30.307050 -2.176491
4.137845 -29.395912 -3.203226
5.083054 -28.484775 -4.229961
3.372929 -29.153653 -0.986975
4.318139 -28.242516 -2.013710
5.263348 -27.331379 -3.040445
6.208558 -26.420242 -4.067181
3.553223 -28.000257 0.202542
4.498433 -27.089120 -0.824194
5.443643 -26.177982 -1.850929
6.388852 -25.266845 -2.877665
7.334062 -24.355708 -3.904400
8.279271 -23.444571 -4.931135
3.733517 -26.846860 1.392058
4.678727 -25.935723 0.365322
5.623937 -25.024586 -0.661413
6.569146 -24.113449 -1.688149
7.514356 -23.202312 -2.714884
8.459566 -22.291174 -3.741619
9.404775 -21.380037 -4.768355
10.349985 -20.468900 -5.795090
3.913812 -25.693464 2.581574
4.859021 -24.782327 1.554838
5.804231 -23.871189 0.528103
6.749441 -22.960052 -0.498632
7.694650 -22.048915 -1.525368
8.639860 -21.137778 -2.552103
9.585069 -20.226641 -3.578839
10.530279 -19.315503 -4.605574
11.475489 -18.404366 -5.632309
12.420698 -17.493229 -6.659045
4.094106 -24.540067 3.771090
5.039315 -23.628930 2.744354
5.984525 -22.717793 1.717619
6.929735 -21.806656 0.690884
7.874944 -20.895519 -0.335852
8.820154 -19.984381 -1.362587
9.765364 -19.073244 -2.389322
10.710573 -18.162107 -3.416058
11.655783 -17.250970 -4.442793
12.600993 -16.339833 -5.469529
13.546202 -15.428695 -6.496264
4.274400 -23.386671 4.960606
5.219610 -22.475534 3.933870
6.164819 -21.564397 2.907135
7.110029 -20.653259 1.880400
8.055238 -19.742122 0.853664
9.000448 -18.830985 -0.173071
9.945658 -17.919848 -1.199806
10.890867 -17.008711 -2.226542
11.836077 -16.097573 -3.253277
12.781287 -15.186436 -4.280013
13.726496 -14.275299 -5.306748
14.671706 -13.364162 -6.333483
15.616916 -12.453025 -7.360219
4.454694 -22.233275 6.150122
5.399904 -21.322137 5.123386
6.345113 -20.411000 4.096651
7.290323 -19.499863 3.069916
8.235533 -18.588726 2.043180
9.180742 -17.677589 1.016445
10.125952 -16.766451 -0.010290
11.071162 -15.855314 -1.037026
12.016371 -14.944177 -2.063761
12.961581 -14.033040 -3.090496
13.906790 -13.121903 -4.117232
14.852000 -12.210765 -5.143967
15.797210 -11.299628 -6.170703
16.742419 -10.388491 -7.197438
17.687629 -9.477354 -8.224173
4.634988 -21.079878 7.339638
5.580198 -20.168741 6.312902
6.525408 -19.257604 5.286167
7.470617 -18.346467 4.259432
8.415827 -17.435329 3.232696
9.361036 -16.524192 2.205961
10.306246 -15.613055 1.179226
11.251456 -14.701918 0.152490
12.196665 -13.790780 -0.874245
13.141875 -12.879643 -1.900980
14.087085 -11.968506 -2.927716
15.032294 -11.057369 -3.954451
15.977504 -10.146232 -4.981187
16.922714 -9.235094 -6.007922
17.867923 -8.323957 -7.034657
18.813133 -7.412820 -8.061393
4.815282 -19.926482 8.529154
5.760492 -19.015344 7.502419
6.705702 -18.104207 6.475683
7.650911 -17.193070 5.448948
8.596121 -16.281933 4.422212
9.541331 -15.370796 3.395477
10.486540 -14.459658 2.368742
11.431750 -13.548521 1.342006
12.376960 -12.637384 0.315271
13.322169 -11.726247 -0.711464
14.267379 -10.815110 -1.738200
15.212588 -9.903972 -2.764935
16.157798 -8.992835 -3.791670
17.103008 -8.081698 -4.818406
18.048217 -7.170561 -5.845141
18.993427 -6.259424 -6.871877
19.938637 -5.348286 -7.898612
20.883846 -4.437149 -8.925347
4.995577 -18.773085 9.718670
5.940786 -17.861948 8.691935
6.885996 -16.950811 7.665199
7.831205 -16.039674 6.638464
8.776415 -15.128536 5.611728
9.721625 -14.217399 4.584993
10.666834 -13.306262 3.558258
11.612044 -12.395125 2.531522
12.557254 -11.483988 1.504787
13.502463 -10.572850 0.478052
14.447673 -9.661713 -0.548684
15.392883 -8.750576 -1.575419
16.338092 -7.839439 -2.602154
17.283302 -6.928302 -3.628890
18.228512 -6.017164 -4.655625
19.173721 -5.106027 -5.682360
20.118931 -4.194890 -6.709096
21.064140 -3.283753 -7.735831
22.009350 -2.372616 -8.762567
22.954560 -1.461478 -9.789302
5.175871 -17.619689 10.908186
6.121080 -16.708552 9.881451
7.066290 -15.797414 8.854715
8.011500 -14.886277 7.827980
8.956709 -13.975140 6.801245
9.901919 -13.064003 5.774509
10.847129 -12.152866 4.747774
11.792338 -11.241728 3.721038
12.737548 -10.330591 2.694303
13.682757 -9.419454 1.667568
14.627967 -8.508317 0.640832
15.573177 -7.597180 -0.385903
16.518386 -6.686042 -1.412638
17.463596 -5.774905 -2.439374
18.408806 -4.863768 -3.466109
19.354015 -3.952631 -4.492844
20.299225 -3.041494 -5.519580
21.244435 -2.130356 -6.546315
22.189644 -1.219219 -7.573051
23.134854 -0.308082 -8.599786
24.080064 0.603055 -9.626521
25.025273 1.514192 -10.653257
5.356165 -16.466292 12.097702
6.301375 -15.555155 11.070967
7.246584 -14.644018 10.044231
8.191794 -13.732881 9.017496
9.137003 -12.821744 7.990761
10.082213 -11.910606 6.964025
11.027423 -10.999469 5.937290
11.972632 -10.088332 4.910554
12.917842 -9.177195 3.883819
13.863052 -8.266058 2.857084
14.808261 -7.354920 1.830348
15.753471 -6.443783 0.803613
16.698681 -5.532646 -0.223122
17.643890 -4.621509 -1.249858
18.589100 -3.710371 -2.276593
19.534310 -2.799234 -3.303328
20.479519 -1.888097 -4.330064
21.424729 -0.976960 -5.356799
22.369938 -0.065823 -6.383534
23.315148 0.845315 -7.410270
24.260358 1.756452 -8.437005
25.205567 2.667589 -9.463741
26.150777 3.578726 -10.490476
5.536459 -15.312896 13.287218
6.481669 -14.401759 12.260483
7.426878 -13.490621 11.233747
8.372088 -12.579484 10.207012
9.317298 -11.668347 9.180277
10.262507 -10.757210 8.153541
11.207717 -9.846073 7.126806
12.152927 -8.934935 6.100071
13.098136 -8.023798 5.073335
14.043346 -7.112661 4.046600
14.988555 -6.201524 3.019864
15.933765 -5.290387 1.993129
16.878975 -4.379249 0.966394
17.824184 -3.468112 -0.060342
18.769394 -2.556975 -1.087077
19.714604 -1.645838 -2.113812
20.659813 -0.734701 -3.140548
21.605023 0.176437 -4.167283
22.550233 1.087574 -5.194018
23.495442 1.998711 -6.220754
24.440652 2.909848 -7.247489
25.385862 3.820985 -8.274225
26.331071 4.732123 -9.300960
27.276281 5.643260 -10.327695
28.221490 6.554397 -11.354431
5.716753 -14.159499 14.476734
6.661963 -13.248362 13.449999
7.607172 -12.337225 12.423263
8.552382 -11.426088 11.396528
9.497592 -10.514951 10.369793
10.442801 -9.603813 9.343057
11.388011 -8.692676 8.316322
12.333221 -7.781539 7.289587
13.278430 -6.870402 6.262851
14.223640 -5.959265 5.236116
15.168850 -5.048127 4.209381
16.114059 -4.136990 3.182645
17.059269 -3.225853 2.155910
18.004479 -2.314716 1.129174
18.949688 -1.403579 0.102439
19.894898 -0.492441 -0.924296
20.840107 0.418696 -1.951032
21.785317 1.329833 -2.977767
22.730527 2.240970 -4.004502
23.675736 3.152107 -5.031238
24.620946 4.063245 -6.057973
25.566156 4.974382 -7.084708
26.511365 5.885519 -8.111444
27.456575 6.796656 -9.138179
5.897047 -13.006103 15.666250
6.842257 -12.094966 14.639515
7.787467 -11.183829 13.612779
8.732676 -10.272691 12.586044
9.677886 -9.361554 11.559309
10.623096 -8.450417 10.532573
11.568305 -7.539280 9.505838
12.513515 -6.628143 8.479103
13.458724 -5.717005 7.452367
14.403934 -4.805868 6.425632
15.349144 -3.894731 5.398897
16.294353 -2.983594 4.372161
17.239563 -2.072457 3.345426
18.184773 -1.161319 2.318690
19.129982 -0.250182 1.291955
20.075192 0.660955 0.265220
21.020402 1.572092 -0.761516
21.965611 2.483229 -1.788251
22.910821 3.394367 -2.814986
23.856031 4.305504 -3.841722
24.801240 5.216641 -4.868457
25.746450 6.127778 -5.895192
26.691660 7.038915 -6.921928
6.077342 -11.852707 16.855766
7.022551 -10.941569 15.829031
7.967761 -10.030432 14.802296
8.912970 -9.119295 13.775560
9.858180 -8.208158 12.748825
10.803390 -7.297021 11.722089
11.748599 -6.385883 10.695354
12.693809 -5.474746 9.668619
13.639019 -4.563609 8.641883
14.584228 -3.652472 7.615148
15.529438 -2.741335 6.588413
16.474648 -1.830197 5.561677
17.419857 -0.919060 4.534942
18.365067 -0.007923 3.508207
19.310277 0.903214 2.481471
20.255486 1.814351 1.454736
21.200696 2.725489 0.428000
22.145905 3.636626 -0.598735
23.091115 4.547763 -1.625470
24.036325 5.458900 -2.652206
24.981534 6.370038 -3.678941
6.257636 -10.699310 18.045282
7.202845 -9.788173 17.018547
8.148055 -8.877036 15.991812
9.093265 -7.965899 14.965076
10.038474 -7.054761 13.938341
10.983684 -6.143624 12.911605
11.928894 -5.232487 11.884870
12.874103 -4.321350 10.858135
13.819313 -3.410212 9.831399
14.764522 -2.499075 8.804664
15.709732 -1.587938 7.777929
16.654942 -0.676801 6.751193
17.600151 0.234336 5.724458
18.545361 1.145474 4.697723
19.490571 2.056611 3.670987
20.435780 2.967748 2.644252
21.380990 3.878885 1.617516
22.326200 4.790022 0.590781
23.271409 5.701160 -0.435954
6.437930 -9.545914 19.234798
7.383139 -8.634776 18.208063
8.328349 -7.723639 17.181328
9.273559 -6.812502 16.154592
10.218768 -5.901365 15.127857
11.163978 -4.990228 14.101122
12.109188 -4.079090 13.074386
13.054397 -3.167953 12.047651
13.999607 -2.256816 11.020915
14.944817 -1.345679 9.994180
15.890026 -0.434542 8.967445
16.835236 0.476596 7.940709
17.780446 1.387733 6.913974
18.725655 2.298870 5.887239
19.670865 3.210007 4.860503
20.616074 4.121144 3.833768
21.561284 5.032282 2.807033
22.506494 5.943419 1.780297
6.618224 -8.392517 20.424314
7.563434 -7.481380 19.397579
8.508643 -6.570243 18.370844
9.453853 -5.659106 17.344108
10.399063 -4.747968 16.317373
11.344272 -3.836831 15.290638
12.289482 -2.925694 14.263902
13.234691 -2.014557 13.237167
14.179901 -1.103420 12.210431
15.125111 -0.192282 11.183696
16.070320 0.718855 10.156961
17.015530 1.629992 9.130225
17.960740 2.541129 8.103490
18.905949 3.452266 7.076755
19.851159 4.363404 6.050019
20.796369 5.274541 5.023284
6.798518 -7.239121 21.613830
7.743728 -6.327984 20.587095
8.688937 -5.416846 19.560360
9.634147 -4.505709 18.533624
10.579357 -3.594572 17.506889
11.524566 -2.683435 16.480154
12.469776 -1.772298 15.453418
13.414986 -0.861160 14.426683
14.360195 0.049977 13.399948
15.305405 0.961114 12.373212
16.250615 1.872251 11.346477
17.195824 2.783388 10.319741
18.141034 3.694526 9.293006
19.086244 4.605663 8.266271
6.978812 -6.085724 22.803346
7.924022 -5.174587 21.776611
8.869232 -4.263450 20.749876
9.814441 -3.352313 19.723140
10.759651 -2.441176 18.696405
11.704861 -1.530038 17.669670
12.650070 -0.618901 16.642934
13.595280 0.292236 15.616199
14.540489 1.203373 14.589464
15.485699 2.114510 13.562728
16.430909 3.025648 12.535993
17.376118 3.936785 11.509258
7.159106 -4.932328 23.992863
8.104316 -4.021191 22.966127
9.049526 -3.110053 21.939392
9.994735 -2.198916 20.912656
10.939945 -1.287779 19.885921
11.885155 -0.376642 18.859186
12.830364 0.534495 17.832450
13.775574 1.445633 16.805715
14.720784 2.356770 15.778980
15.665993 3.267907 14.752244
16.611203 4.179044 13.725509
7.339401 -3.778931 25.182379
8.284610 -2.867794 24.155643
9.229820 -1.956657 23.128908
10.175030 -1.045520 22.102172
11.120239 -0.134383 21.075437
12.065449 0.776755 20.048702
13.010658 1.687892 19.021966
13.955868 2.599029 17.995231
14.901078 3.510166 16.968496
7.519695 -2.625535 26.371895
8.464904 -1.714398 25.345159
9.410114 -0.803261 24.318424
10.355324 0.107877 23.291689
11.300533 1.019014 22.264953
12.245743 1.930151 21.238218
13.190953 2.841288 20.211482
7.699989 -1.472139 27.561411
8.645199 -0.561001 26.534675
9.590408 0.350136 25.507940
10.535618 1.261273 24.481205
11.480828 2.172410 23.454469
7.880283 -0.318742 28.750927
8.825493 0.592395 27.724191
9.770702 1.503532 26.697456
10.715912 2.414669 25.670721
8.060577 0.834654 29.940443
9.005787 1.745792 28.913707
10.465699 2.658381 26.628273
11.299034 3.139507 25.267446
12.132369 3.620633 23.906620
12.965704 4.101758 22.545793
13.799039 4.582884 21.184967
14.632374 5.064009 19.824140
14.151250 3.675120 19.038465
15.465709 5.545135 18.463314
14.984585 4.156246 17.677638
16.299044 6.026260 17.102487
15.817920 4.637372 16.316812
17.132379 6.507386 15.741661
16.651255 5.118497 14.955986
17.965714 6.988511 14.380834
17.484590 5.599623 13.595159
18.799049 7.469637 13.020008
18.317925 6.080748 12.234333
17.836801 4.691859 11.448657
19.632384 7.950763 11.659181
19.151260 6.561874 10.873506
18.670136 5.172985 10.087831
20.465719 8.431888 10.298355
19.984595 7.042999 9.512680
19.503471 5.654111 8.727004
21.299054 8.913014 8.937528
20.817930 7.524125 8.151853
20.336806 6.135236 7.366178
22.132389 9.394139 7.576702
21.651265 8.005250 6.791027
21.170141 6.616362 6.005352
22.965724 9.875265 6.215875
22.484600 8.486376 5.430200
22.003476 7.097487 4.644525
21.522352 5.708599 3.858850
23.799059 10.356390 4.855049
23.317935 8.967502 4.069374
22.836811 7.578613 3.283699
22.355687 6.189724 2.498023
24.632394 10.837516 3.494222
24.151270 9.448627 2.708547
23.670146 8.059738 1.922872
23.189022 6.670850 1.137197
25.465729 11.318641 2.133396
24.984605 9.929753 1.347721
24.503481 8.540864 0.562046
24.022357 7.151975 -0.223630
26.299064 11.799767 0.772569
25.817940 10.410878 -0.013106
25.336816 9.021989 -0.798781
24.855692 7.633101 -1.584456
27.132399 12.280893 -0.588257
26.651275 10.892004 -1.373932
26.170151 9.503115 -2.159607
25.689027 8.114226 -2.945283
27.965734 12.762018 -1.949084
27.484610 11.373129 -2.734759
27.003486 9.984241 -3.520434
26.522362 8.595352 -4.306109
26.041238 7.206463 -5.091784
28.799069 13.243144 -3.309910
28.317945 11.854255 -4.095585
27.836821 10.465366 -4.881260
27.355697 9.076477 -5.666935
26.874573 7.687589 -6.452611
29.151280 12.335380 -5.456412
28.670156 10.946492 -6.242087
28.189032 9.557603 -7.027762
27.707908 8.168714 -7.813437
29.022367 10.038729 -8.388588
28.541243 8.649840 -9.174264
-6.862909 7.166867 28.233348
-8.916308 8.203548 25.301160
-7.472937 7.925767 26.086842
-10.969708 9.240230 22.368971
-9.526337 8.962449 23.154653
-11.579737 9.999131 20.222465
-10.136366 9.721350 21.008147
-13.633137 11.035813 17.290276
-12.189766 10.758032 18.075958
-10.746395 10.480251 18.861641
-15.686536 12.072494 14.358088
-14.243166 11.794713 15.143770
-12.799795 11.516933 15.929452
-11.356424 11.239152 16.715134
-17.739936 13.109176 11.425899
-16.296565 12.831395 12.211581
-14.853194 12.553614 12.997263
-13.409824 12.275833 13.782946
-11.966453 11.998052 14.568628
-18.349965 13.868077 9.279393
-16.906594 13.590296 10.065075
-15.463223 13.312515 10.850757
-14.019853 13.034734 11.636439
-12.576482 12.756953 12.422121
-20.403365 14.904759 6.347204
-18.959994 14.626978 7.132886
-17.516623 14.349197 7.918569
-16.073252 14.071416 8.704251
-14.629882 13.793635 9.489933
-22.456764 15.941441 3.415016
-21.013394 15.663660 4.200698
-19.570023 15.385879 4.986380
-18.126652 15.108098 5.772062
-16.683281 14.830317 6.557744
-15.239910 14.552536 7.343426
-23.066793 16.700341 1.268509
-21.623422 16.422560 2.054192
-20.180052 16.144779 2.839874
-18.736681 15.866998 3.625556
-17.293310 15.589218 4.411238
-15.849939 15.311437 5.196920
-25.120193 17.737023 -1.663679
-23.676822 17.459242 -0.877997
-22.233451 17.181461 -0.092315
-20.790081 16.903680 0.693367
-19.346710 16.625899 1.479049
-17.903339 16.348118 2.264731
-16.459968 16.070337 3.050413
-25.730222 18.495924 -3.810185
-24.286851 18.218143 -3.024503
-22.843480 17.940362 -2.238821
-21.400110 17.662581 -1.453139
-19.956739 17.384800 -0.667457
-18.513368 17.107019 0.118225
-17.069997 16.829238 0.903907
-24.896880 18.977044 -5.171010
-23.453509 18.699263 -4.385328
-22.010139 18.421482 -3.599646
-20.566768 18.143701 -2.813964
-19.123397 17.865920 -2.028281
-17.680026 17.588139 -1.242599
-24.063538 19.458164 -6.531834
-22.620167 19.180383 -5.746152
-21.176797 18.902602 -4.960470
-19.733426 18.624821 -4.174788
-23.230196 19.939284 -7.892658
-21.786826 19.661503 -7.106976
-20.343455 19.383722 -6.321294
-22.396855 20.420403 -9.253483
-20.953484 20.142622 -8.467801
-21.563513 20.901523 -10.614307
24.414900 17.300431 -0.428635
22.748233 16.189318 2.714061
22.748233 16.744875 1.142713
21.081567 15.078206 5.856757
21.081567 15.633762 4.285409
19.414900 14.522649 7.428105
19.414900 15.078206 5.856757
17.748233 13.411537 10.570802
17.748233 13.967093 8.999453
17.748233 14.522649 7.428105
16.081567 12.300424 13.713498
16.081567 12.855981 12.142150
16.081567 13.411537 10.570802
16.081567 13.967093 8.999453
14.414900 11.189312 16.856194
14.414900 11.744868 15.284846
14.414900 12.300424 13.713498
14.414900 12.855981 12.142150
14.414900 13.411537 10.570802
12.748233 10.633755 18.427542
12.748233 11.189312 16.856194
12.748233 11.744868 15.284846
12.748233 12.300424 13.713498
12.748233 12.855981 12.142150
11.081567 9.522643 21.570238
11.081567 10.078199 19.998890
11.081567 10.633755 18.427542
11.081567 11.189312 16.856194
11.081567 11.744868 15.284846
9.414900 8.411530 24.712935
9.414900 8.967086 23.141587
9.414900 9.522643 21.570238
9.414900 10.078199 19.998890
9.414900 10.633755 18.427542
9.414900 11.189312 16.856194
7.748233 7.855974 26.284283
7.748233 8.411530 24.712935
7.748233 8.967086 23.141587
7.748233 9.522643 21.570238
7.748233 10.078199 19.998890
7.748233 10.633755 18.427542
6.081567 6.744861 29.426979
6.081567 7.300417 27.855631
6.081567 7.855974 26.284283
6.081567 8.411530 24.712935
6.081567 8.967086 23.141587
6.081567 9.522643 21.570238
6.081567 10.078199 19.998890
4.414900 6.189305 30.998327
4.414900 6.744861 29.426979
4.414900 7.300417 27.855631
4.414900 7.855974 26.284283
4.414900 8.411530 24.712935
4.414900 8.967086 23.141587
4.414900 9.522643 21.570238
2.748233 6.189305 30.998327
2.748233 6.744861 29.426979
2.748233 7.300417 27.855631
2.748233 7.855974 26.284283
2.748233 8.411530 24.712935
2.748233 8.967086 23.141587
1.081567 6.189305 30.998327
1.081567 6.744861 29.426979
1.081567 7.300417 27.855631
1.081567 7.855974 26.284283
-0.585100 6.189305 30.998327
-0.585100 6.744861 29.426979
-0.585100 7.300417 27.855631
-2.251767 6.189305 30.998327
-2.251767 6.744861 29.426979
-3.918433 6.189305 30.998327
-4.827090 6.265208 30.783639
-5.375215 6.789858 29.299698
-3.801259 6.972568 28.782922
-2.227303 7.155278 28.266145
-5.923340 7.314508 27.815758
-4.349384 7.497218 27.298981
-2.775428 7.679928 26.782205
-1.201473 7.862638 26.265428
-6.471465 7.839157 26.331818
-4.897509 8.021868 25.815041
-3.323553 8.204578 25.298264
-1.749598 8.387288 24.781488
-0.175642 8.569998 24.264711
1.398314 8.752709 23.747934
-7.019590 8.363807 24.847877
-5.445634 8.546517 24.331100
-3.871679 8.729228 23.814324
-2.297723 8.911938 23.297547
-0.723767 9.094648 22.780770
0.850189 9.277358 22.263994
2.424144 9.460069 21.747217
3.998100 9.642779 21.230440
-7.567715 8.888457 23.363937
-5.993759 9.071167 22.847160
-4.419804 9.253877 22.330383
-2.845848 9.436588 21.813607
-1.271892 9.619298 21.296830
0.302063 9.802008 20.780053
1.876019 9.984718 20.263277
3.449975 10.167429 19.746500
5.023931 10.350139 19.229723
6.597886 10.532849 18.712947
-8.115840 9.413106 21.879996
-6.541885 9.595817 21.363219
-4.967929 9.778527 20.846443
-3.393973 9.961237 20.329666
-1.820017 10.143948 19.812890
-0.246062 10.326658 19.296113
1.327894 10.509368 18.779336
2.901850 10.692078 18.262560
4.475805 10.874789 17.745783
6.049761 11.057499 17.229006
7.623717 11.240209 16.712230
-8.663965 9.937756 20.396056
-7.090010 10.120466 19.879279
-5.516054 10.303177 19.362502
-3.942098 10.485887 18.845726
-2.368143 10.668597 18.328949
-0.794187 10.851308 17.812172
0.779769 11.034018 17.295396
2.353725 11.216728 16.778619
3.927680 11.399439 16.261842
5.501636 11.582149 15.745066
7.075592 11.764859 15.228289
8.649548 11.947569 14.711513
10.223503 12.130280 14.194736
-9.212091 10.462406 18.912115
-7.638135 10.645116 18.395339
-6.064179 10.827826 17.878562
-4.490223 11.010537 17.361785
-2.916268 11.193247 16.845009
-1.342312 11.375957 16.328232
0.231644 11.558668 15.811455
1.805599 11.741378 15.294679
3.379555 11.924088 14.777902
4.953511 12.106799 14.261125
6.527467 12.289509 13.744349
8.101422 12.472219 13.227572
9.675378 12.654929 12.710795
11.249334 12.837640 12.194019
12.823290 13.020350 11.677242
-9.760216 10.987056 17.428175
-8.186260 11.169766 16.911398
-6.612304 11.352476 16.394621
-5.038349 11.535187 15.877845
-3.464393 11.717897 15.361068
-1.890437 11.900607 14.844292
-0.316481 12.083317 14.327515
1.257474 12.266028 13.810738
2.831430 12.448738 13.293962
4.405386 12.631448 12.777185
5.979342 12.814159 12.260408
7.553297 12.996869 11.743632
9.127253 13.179579 11.226855
10.701209 13.362289 10.710078
12.275164 13.545000 10.193302
13.849120 13.727710 9.676525
-10.308341 11.511705 15.944234
-8.734385 11.694416 15.427458
-7.160429 11.877126 14.910681
-5.586474 12.059836 14.393904
-4.012518 12.242547 13.877128
-2.438562 12.425257 13.360351
-0.864607 12.607967 12.843574
0.709349 12.790677 12.326798
2.283305 12.973388 11.810021
3.857261 13.156098 11.293244
5.431216 13.338808 10.776468
7.005172 13.521519 10.259691
8.579128 13.704229 9.742914
10.153084 13.886939 9.226138
11.727039 14.069649 8.709361
13.300995 14.252360 8.192585
14.874951 14.435070 7.675808
16.448906 14.617780 7.159031
-10.856466 12.036355 14.460294
-9.282510 12.219065 13.943517
-7.708555 12.401776 13.426741
-6.134599 12.584486 12.909964
-4.560643 12.767196 12.393187
-2.986687 12.949907 11.876411
-1.412732 13.132617 11.359634
0.161224 13.315327 10.842857
1.735180 13.498037 10.326081
3.309136 13.680748 9.809304
4.883091 13.863458 9.292527
6.457047 14.046168 8.775751
8.031003 14.228879 8.258974
9.604958 14.411589 7.742197
11.178914 14.594299 7.225421
12.752870 14.777010 6.708644
14.326826 14.959720 6.191867
15.900781 15.142430 5.675091
17.474737 15.325140 5.158314
19.048693 15.507851 4.641537
-11.404591 12.561005 12.976353
-9.830635 12.743715 12.459577
-8.256680 12.926425 11.942800
-6.682724 13.109136 11.426023
-5.108768 13.291846 10.909247
-3.534812 13.474556 10.392470
-1.960857 13.657267 9.875693
-0.386901 13.839977 9.358917
1.187055 14.022687 8.842140
2.761010 14.205397 8.325364
4.334966 14.388108 7.808587
5.908922 14.570818 7.291810
7.482878 14.753528 6.775034
9.056833 14.936239 6.258257
10.630789 15.118949 5.741480
12.204745 15.301659 5.224704
13.778700 15.484370 4.707927
15.352656 15.667080 4.191150
16.926612 15.849790 3.674374
18.500568 16.032500 3.157597
20.074523 16.215211 2.640820
21.648479 16.397921 2.124044
-11.952716 13.085655 11.492413
-10.378761 13.268365 10.975636
-8.804805 13.451075 10.458860
-7.230849 13.633785 9.942083
-5.656893 13.816496 9.425306
-4.082938 13.999206 8.908530
-2.508982 14.181916 8.391753
-0.935026 14.364627 7.874976
0.638930 14.547337 7.358200
2.212885 14.730047 6.841423
3.786841 14.912757 6.324646
5.360797 15.095468 5.807870
6.934752 15.278178 5.291093
8.508708 15.460888 4.774316
10.082664 15.643599 4.257540
11.656620 15.826309 3.740763
13.230575 16.009019 3.223987
14.804531 16.191730 2.707210
16.378487 16.374440 2.190433
17.952442 16.557150 1.673657
19.526398 16.739860 1.156880
21.100354 16.922571 0.640103
22.674310 17.105281 0.123327
-12.500841 13.610304 10.008472
-10.926886 13.793015 9.491696
-9.352930 13.975725 8.974919
-7.778974 14.158435 8.458143
-6.205018 14.341145 7.941366
-4.631063 14.523856 7.424589
-3.057107 14.706566 6.907813
-1.483151 14.889276 6.391036
0.090804 15.071987 5.874259
1.664760 15.254697 5.357483
3.238716 15.437407 4.840706
4.812672 15.620118 4.323929
6.386627 15.802828 3.807153
7.960583 15.985538 3.290376
9.534539 16.168248 2.773599
11.108494 16.350959 2.256823
12.682450 16.533669 1.740046
14.256406 16.716379 1.223269
15.830362 16.899090 0.706493
17.404317 17.081800 0.189716
18.978273 17.264510 -0.327061
20.552229 17.447220 -0.843837
22.126185 17.629931 -1.360614
23.700140 17.812641 -1.877391
25.274096 17.995351 -2.394167
-13.048967 14.134954 8.524532
-11.475011 14.317664 8.007755
-9.901055 14.500375 7.490979
-8.327099 14.683085 6.974202
-6.753144 14.865795 6.457425
-5.179188 15.048505 5.940649
-3.605232 15.231216 5.423872
-2.031276 15.413926 4.907095
-0.457321 15.596636 4.390319
1.116635 15.779347 3.873542
2.690591 15.962057 3.356766
4.264546 16.144767 2.839989
5.838502 16.327478 2.323212
7.412458 16.510188 1.806436
8.986414 16.692898 1.289659
10.560369 16.875608 0.772882
12.134325 17.058319 0.256106
13.708281 17.241029 -0.260671
15.282237 17.423739 -0.777448
16.856192 17.606450 -1.294224
18.430148 17.789160 -1.811001
20.004104 17.971870 -2.327778
21.578059 18.154580 -2.844554
23.152015 18.337291 -3.361331
-13.597092 14.659604 7.040592
-12.023136 14.842314 6.523815
-10.449180 15.025024 6.007038
-8.875224 15.207735 5.490262
-7.301269 15.390445 4.973485
-5.727313 15.573155 4.456708
-4.153357 15.755865 3.939932
-2.579402 15.938576 3.423155
-1.005446 16.121286 2.906378
0.568510 16.303996 2.389602
2.142466 16.486707 1.872825
3.716421 16.669417 1.356048
5.290377 16.852127 0.839272
6.864333 17.034838 0.322495
8.438288 17.217548 -0.194282
10.012244 17.400258 -0.711058
11.586200 17.582968 -1.227835
13.160156 17.765679 -1.744612
14.734111 17.948389 -2.261388
16.308067 18.131099 -2.778165
17.882023 18.313810 -3.294941
19.455979 18.496520 -3.811718
21.029934 18.679230 -4.328495
-14.145217 15.184253 5.556651
-12.571261 15.366964 5.039874
-10.997305 15.549674 4.523098
-9.423350 15.732384 4.006321
-7.849394 15.915095 3.489545
-6.275438 16.097805 2.972768
-4.701482 16.280515 2.455991
-3.127527 16.463226 1.939215
-1.553571 16.645936 1.422438
0.020385 16.828646 0.905661
1.594340 17.011356 0.388885
3.168296 17.194067 -0.127892
4.742252 17.376777 -0.644669
6.316208 17.559487 -1.161445
7.890163 17.742198 -1.678222
9.464119 17.924908 -2.194999
11.038075 18.107618 -2.711775
12.612031 18.290328 -3.228552
14.185986 18.473039 -3.745329
15.759942 18.655749 -4.262105
17.333898 18.838459 -4.778882
-14.693342 15.708903 4.072711
-13.119386 15.891613 3.555934
-11.545430 16.074324 3.039157
-9.971475 16.257034 2.522381
-8.397519 16.439744 2.005604
-6.823563 16.622455 1.488827
-5.249608 16.805165 0.972051
-3.675652 16.987875 0.455274
-2.101696 17.170586 -0.061503
-0.527740 17.353296 -0.578279
1.046215 17.536006 -1.095056
2.620171 17.718716 -1.611833
4.194127 17.901427 -2.128609
5.768083 18.084137 -2.645386
7.342038 18.266847 -3.162162
8.915994 18.449558 -3.678939
10.489950 18.632268 -4.195716
12.063905 18.814978 -4.712492
13.637861 18.997689 -5.229269
-15.241467 16.233553 2.588770
-13.667511 16.416263 2.071994
-12.093556 16.598974 1.555217
-10.519600 16.781684 1.038440
-8.945644 16.964394 0.521664
-7.371688 17.147104 0.004887
-5.797733 17.329815 -0.511890
-4.223777 17.512525 -1.028666
-2.649821 17.695235 -1.545443
-1.075866 17.877946 -2.062220
0.498090 18.060656 -2.578996
2.072046 18.243366 -3.095773
3.646002 18.426076 -3.612550
5.219957 18.608787 -4.129326
6.793913 18.791497 -4.646103
8.367869 18.974207 -5.162880
9.941825 19.156918 -5.679656
11.515780 19.339628 -6.196433
-15.789592 16.758203 1.104830
-14.215636 16.940913 0.588053
-12.641681 17.123623 0.071276
-11.067725 17.306334 -0.445500
-9.493769 17.489044 -0.962277
-7.919814 17.671754 -1.479054
-6.345858 17.854464 -1.995830
-4.771902 18.037175 -2.512607
-3.197946 18.219885 -3.029383
-1.623991 18.402595 -3.546160
-0.050035 18.585306 -4.062937
1.523921 18.768016 -4.579713
3.097877 18.950726 -5.096490
4.671832 19.133436 -5.613267
6.245788 19.316147 -6.130043
7.819744 19.498857 -6.646820
-16.337717 17.282852 -0.379111
-14.763762 17.465563 -0.895887
-13.189806 17.648273 -1.412664
-11.615850 17.830983 -1.929441
-10.041894 18.013694 -2.446217
-8.467939 18.196404 -2.962994
-6.893983 18.379114 -3.479771
-5.320027 18.561824 -3.996547
-3.746072 18.744535 -4.513324
-2.172116 18.927245 -5.030101
-0.598160 19.109955 -5.546877
0.975796 19.292666 -6.063654
2.549751 19.475376 -6.580431
4.123707 19.658086 -7.097207
-16.885842 17.807502 -1.863051
-15.311887 17.990212 -2.379828
-13.737931 18.172923 -2.896604
-12.163975 18.355633 -3.413381
-10.590020 18.538343 -3.930158
-9.016064 18.721054 -4.446934
-7.442108 18.903764 -4.963711
-5.868152 19.086474 -5.480488
-4.294197 19.269184 -5.997264
-2.720241 19.451895 -6.514041
-1.146285 19.634605 -7.030818
0.427671 19.817315 -7.547594
-17.433968 18.332152 -3.346992
-15.860012 18.514862 -3.863768
-14.286056 18.697572 -4.380545
-12.712100 18.880283 -4.897322
-11.138145 19.062993 -5.414098
-9.564189 19.245703 -5.930875
-7.990233 19.428414 -6.447652
-6.416277 19.611124 -6.964428
-4.842322 19.793834 -7.481205
-3.268366 19.976544 -7.997981
-1.694410 20.159255 -8.514758
-17.982093 18.856802 -4.830932
-16.408137 19.039512 -5.347709
-14.834181 19.222222 -5.864485
-13.260226 19.404932 -6.381262
-11.686270 19.587643 -6.898039
-10.112314 19.770353 -7.414815
-8.538358 19.953063 -7.931592
-6.964403 20.135774 -8.448369
-5.390447 20.318484 -8.965145
-18.530218 19.381451 -6.314873
-16.956262 19.564162 -6.831649
-15.382306 19.746872 -7.348426
-13.808351 19.929582 -7.865202
-12.234395 20.112292 -8.381979
-10.660439 20.295003 -8.898756
-9.086483 20.477713 -9.415532
-19.078343 19.906101 -7.798813
-17.504387 20.088811 -8.315590
-15.930432 20.271522 -8.832366
-14.356476 20.454232 -9.349143
-12.782520 20.636942 -9.865920
-19.626468 20.430751 -9.282753
-18.052512 20.613461 -9.799530
-16.478557 20.796171 -10.316307
-14.904601 20.978882 -10.833083
-20.174593 20.955400 -10.766694
-18.600637 21.138111 -11.283471
-15.741173 21.172959 -11.382020
-14.074506 21.172963 -11.382020
-12.407839 21.172967 -11.382020
-10.741173 21.172971 -11.382020
-9.074506 21.172975 -11.382020
-7.407839 21.172978 -11.382020
-7.407838 20.617420 -9.810673
-5.741173 21.172982 -11.382020
-5.741171 20.617423 -9.810673
-4.074506 21.172986 -11.382020
-4.074505 20.617427 -9.810673
-2.407839 21.172990 -11.382020
-2.407838 20.617431 -9.810673
-0.741173 21.172994 -11.382020
-0.741171 20.617435 -9.810673
0.925494 21.172998 -11.382020
0.925495 20.617439 -9.810673
0.925497 20.061880 -8.239326
2.592161 21.173002 -11.382020
2.592162 20.617443 -9.810673
2.592163 20.061884 -8.239326
4.258827 21.173005 -11.382020
4.258829 20.617447 -9.810673
4.258830 20.061888 -8.239326
5.925494 21.173009 -11.382020
5.925495 20.617450 -9.810673
5.925497 20.061892 -8.239326
7.592161 21.173013 -11.382020
7.592162 20.617454 -9.810673
7.592163 20.061895 -8.239326
9.258827 21.173017 -11.382020
9.258829 20.617458 -9.810673
9.258830 20.061899 -8.239326
9.258831 19.506340 -6.667979
10.925494 21.173021 -11.382020
10.925495 20.617462 -9.810673
10.925497 20.061903 -8.239326
10.925498 19.506344 -6.667979
12.592161 21.173025 -11.382020
12.592162 20.617466 -9.810673
12.592163 20.061907 -8.239326
12.592165 19.506348 -6.667979
14.258827 21.173029 -11.382020
14.258829 20.617470 -9.810673
14.258830 20.061911 -8.239326
14.258831 19.506352 -6.667979
15.925494 21.173032 -11.382020
15.925495 20.617474 -9.810673
15.925497 20.061915 -8.239326
15.925498 19.506356 -6.667979
17.592161 21.173036 -11.382020
17.592162 20.617477 -9.810673
17.592163 20.061919 -8.239326
17.592165 19.506360 -6.667979
19.258827 21.173040 -11.382020
19.258829 20.617481 -9.810673
19.258830 20.061922 -8.239326
19.258831 19.506364 -6.667979
19.258833 18.950805 -5.096631
20.925494 21.173044 -11.382020
20.925495 20.617485 -9.810673
20.925497 20.061926 -8.239326
20.925498 19.506367 -6.667979
20.925499 18.950809 -5.096631
22.592162 20.617489 -9.810673
22.592163 20.061930 -8.239326
22.592165 19.506371 -6.667979
22.592166 18.950812 -5.096631
24.258831 19.506375 -6.667979
24.258833 18.950816 -5.096631
4.201748 2.778071 33.784000
3.368424 1.334689 33.784000
1.925043 2.168013 33.784000
0.481661 3.001336 33.784000
2.535101 -0.108692 33.784000
1.091720 0.724631 33.784000
-0.351662 1.557955 33.784000
-1.795043 2.391278 33.784000
1.701778 -1.552074 33.784000
0.258396 -0.718750 33.784000
-1.184985 0.114573 33.784000
-2.628367 0.947896 33.784000
-4.071748 1.781220 33.784000
0.868454 -2.995455 33.784000
-0.574927 -2.162132 33.784000
-2.018308 -1.328808 33.784000
0.035131 -4.438836 33.784000
-1.408250 -3.605513 33.784000
-9.638068 -25.831688 -11.635808
-11.562567 -22.647214 -11.846317
-10.600318 -23.758329 -11.060647
-13.487067 -19.462740 -12.056825
-12.524817 -20.573855 -11.271155
-14.449317 -17.389381 -11.481663
-13.487067 -18.500495 -10.695993
-16.373817 -14.204906 -11.692171
-15.411567 -15.316021 -10.906501
-14.449317 -16.427136 -10.120831
-18.298317 -11.020432 -11.902679
-17.336067 -12.131547 -11.117009
-16.373817 -13.242662 -10.331339
-15.411567 -14.353776 -9.545670
-20.222816 -7.835958 -12.113187
-19.260567 -8.947073 -11.327517
-18.298317 -10.058187 -10.541847
-17.336067 -11.169302 -9.756178
-16.373817 -12.280417 -8.970508
-21.185066 -5.762598 -11.538025
-20.222816 -6.873713 -10.752356
-19.260567 -7.984828 -9.966686
-18.298317 -9.095943 -9.181016
-17.336067 -10.207057 -8.395346
-23.109566 -2.578124 -11.748533
-22.147316 -3.689239 -10.962864
-21.185066 -4.800354 -10.177194
-20.222816 -5.911468 -9.391524
-19.260567 -7.022583 -8.605854
-25.034066 0.606350 -11.959042
-24.071816 -0.504765 -11.173372
-23.109566 -1.615879 -10.387702
-22.147316 -2.726994 -9.602032
-21.185066 -3.838109 -8.816362
-20.222816 -4.949223 -8.030692
-25.996316 2.679709 -11.383880
-25.034066 1.568595 -10.598210
-24.071816 0.457480 -9.812540
-23.109566 -0.653635 -9.026870
-22.147316 -1.764749 -8.241200
-21.185066 -2.875864 -7.455531
-27.920816 5.864184 -11.594388
-26.958566 4.753069 -10.808718
-25.996316 3.641954 -10.023048
-25.034066 2.530840 -9.237378
-24.071816 1.419725 -8.451709
-23.109566 0.308610 -7.666039
-22.147316 -0.802504 -6.880369
-28.883066 7.937543 -11.019226
-27.920816 6.826428 -10.233556
-26.958566 5.715314 -9.447886
-25.996316 4.604199 -8.662217
-25.034066 3.493084 -7.876547
-24.071816 2.381970 -7.090877
-23.109566 1.270855 -6.305207
-28.883066 8.899788 -9.658395
-27.920816 7.788673 -8.872725
-26.958566 6.677559 -8.087055
-25.996316 5.566444 -7.301385
-25.034066 4.455329 -6.515715
-24.071816 3.344215 -5.730045
-28.883066 9.862033 -8.297563
-27.920816 8.750918 -7.511893
-26.958566 7.639803 -6.726223
-25.996316 6.528689 -5.940553
-28.883066 10.824278 -6.936731
-27.920816 9.713163 -6.151061
-26.958566 8.602048 -5.365392
-28.883066 11.786522 -5.575900
-27.920816 10.675408 -4.790230
-28.883066 12.748767 -4.215068
-2.775092 -9.526940 28.233389
-2.646175 -11.823588 25.301209
-3.127302 -10.434701 26.086886
-2.517259 -14.120235 22.369029
-2.998385 -12.731349 23.154706
-2.869468 -15.027996 20.222527
-3.350595 -13.639109 21.008204
-2.740552 -17.324644 17.290347
-3.221678 -15.935757 18.076024
-3.702805 -14.546870 18.861701
-2.611635 -19.621292 14.358167
-3.092762 -18.232405 15.143844
-3.573888 -16.843518 15.929521
-4.055015 -15.454631 16.715198
-2.482719 -21.917940 11.425987
-2.963845 -20.529053 12.211664
-3.444972 -19.140166 12.997341
-3.926098 -17.751279 13.783019
-4.407225 -16.362392 14.568696
-2.834929 -22.825700 9.279484
-3.316055 -21.436814 10.065162
-3.797182 -20.047927 10.850839
-4.278308 -18.659040 11.636516
-4.759435 -17.270153 12.422193
-2.706012 -25.122348 6.347305
-3.187139 -23.733461 7.132982
-3.668265 -22.344575 7.918659
-4.149392 -20.955688 8.704336
-4.630518 -19.566801 9.490013
-2.577096 -27.418996 3.415125
-3.058222 -26.030109 4.200802
-3.539349 -24.641222 4.986479
-4.020475 -23.252336 5.772156
-4.501602 -21.863449 6.557833
-4.982728 -20.474562 7.343511
-2.929306 -28.326757 1.268622
-3.410432 -26.937870 2.054299
-3.891559 -25.548983 2.839976
-4.372685 -24.160097 3.625654
-4.853812 -22.771210 4.411331
-5.334938 -21.382323 5.197008
-2.800389 -30.623405 -1.663558
-3.281516 -29.234518 -0.877881
-3.762642 -27.845631 -0.092203
-4.243769 -26.456744 0.693474
-4.724895 -25.067858 1.479151
-5.206022 -23.678971 2.264828
-5.687148 -22.290084 3.050505
-3.152599 -31.531166 -3.810060
-3.633726 -30.142279 -3.024383
-4.114852 -28.753392 -2.238706
-4.595979 -27.364505 -1.453029
-5.077105 -25.975619 -0.667352
-5.558232 -24.586732 0.118325
-6.039358 -23.197845 0.904003
-3.985936 -31.050040 -5.170886
-4.467062 -29.661153 -4.385209
-4.948189 -28.272266 -3.599532
-5.429315 -26.883380 -2.813854
-5.910442 -25.494493 -2.028177
-6.391568 -24.105606 -1.242500
-4.819272 -30.568914 -6.531711
-5.300399 -29.180027 -5.746034
-5.781525 -27.791141 -4.960357
-6.262652 -26.402254 -4.174680
-5.652609 -30.087788 -7.892537
-6.133735 -28.698902 -7.106860
-6.614862 -27.310015 -6.321183
-6.485945 -29.606663 -9.253362
-6.967072 -28.217776 -8.467685
-7.319282 -29.125537 -10.614188
-7.839327 -28.673482 -11.248727
-8.567754 -27.203623 -10.954300
-7.939006 -27.201212 -9.410782
-7.310258 -27.198802 -7.867264
-9.296180 -25.733764 -10.659873
-8.667433 -25.731354 -9.116355
-8.038685 -25.728943 -7.572837
-7.409937 -25.726532 -6.029319
-10.024607 -24.263905 -10.365446
-9.395859 -24.261495 -8.821928
-8.767111 -24.259084 -7.278410
-8.138364 -24.256673 -5.734892
-7.509616 -24.254263 -4.191374
-6.880868 -24.251852 -2.647856
-10.753034 -22.794047 -10.071019
-10.124286 -22.791636 -8.527501
-9.495538 -22.789225 -6.983983
-8.866790 -22.786814 -5.440465
-8.238043 -22.784404 -3.896947
-7.609295 -22.781993 -2.353429
-6.980547 -22.779582 -0.809910
-6.351799 -22.777171 0.733608
-11.481460 -21.324188 -9.776592
-10.852713 -21.321777 -8.233074
-10.223965 -21.319366 -6.689556
-9.595217 -21.316955 -5.146038
-8.966469 -21.314545 -3.602520
-8.337721 -21.312134 -2.059002
-7.708974 -21.309723 -0.515484
-7.080226 -21.307313 1.028035
-6.451478 -21.304902 2.571553
-5.822730 -21.302491 4.115071
-12.209887 -19.854329 -9.482165
-11.581139 -19.851918 -7.938647
-10.952392 -19.849507 -6.395129
-10.323644 -19.847097 -4.851611
-9.694896 -19.844686 -3.308093
-9.066148 -19.842275 -1.764575
-8.437400 -19.839864 -0.221057
-7.808652 -19.837454 1.322461
-7.179905 -19.835043 2.865980
-6.551157 -19.832632 4.409498
-5.922409 -19.830222 5.953016
-12.938314 -18.384470 -9.187738
-12.309566 -18.382059 -7.644220
-11.680818 -18.379648 -6.100702
-11.052070 -18.377238 -4.557184
-10.423323 -18.374827 -3.013666
-9.794575 -18.372416 -1.470148
-9.165827 -18.370006 0.073370
-8.537079 -18.367595 1.616888
-7.908331 -18.365184 3.160406
-7.279584 -18.362773 4.703925
-6.650836 -18.360363 6.247443
-6.022088 -18.357952 7.790961
-5.393340 -18.355541 9.334479
-13.666740 -16.914611 -8.893312
-13.037993 -16.912200 -7.349793
-12.409245 -16.909790 -5.806275
-11.780497 -16.907379 -4.262757
-11.151749 -16.904968 -2.719239
-10.523001 -16.902557 -1.175721
-9.894254 -16.900147 0.367797
-9.265506 -16.897736 1.911315
-8.636758 -16.895325 3.454833
-8.008010 -16.892914 4.998351
-7.379262 -16.890504 6.541870
-6.750515 -16.888093 8.085388
-6.121767 -16.885682 9.628906
-5.493019 -16.883272 11.172424
-4.864271 -16.880861 12.715942
-14.395167 -15.444752 -8.598885
-13.766419 -15.442341 -7.055367
-13.137672 -15.439931 -5.511848
-12.508924 -15.437520 -3.968330
-11.880176 -15.435109 -2.424812
-11.251428 -15.432698 -0.881294
-10.622680 -15.430288 0.662224
-9.993933 -15.427877 2.205742
-9.365185 -15.425466 3.749260
-8.736437 -15.423056 5.292778
-8.107689 -15.420645 6.836296
-7.478941 -15.418234 8.379815
-6.850194 -15.415823 9.923333
-6.221446 -15.413413 11.466851
-5.592698 -15.411002 13.010369
-4.963950 -15.408591 14.553887
-15.123594 -13.974893 -8.304458
-14.494846 -13.972482 -6.760940
-13.866098 -13.970072 -5.217422
-13.237350 -13.967661 -3.673903
-12.608603 -13.965250 -2.130385
-11.979855 -13.962840 -0.586867
-11.351107 -13.960429 0.956651
-10.722359 -13.958018 2.500169
-10.093611 -13.955607 4.043687
-9.464864 -13.953197 5.587205
-8.836116 -13.950786 7.130723
-8.207368 -13.948375 8.674241
-7.578620 -13.945965 10.217760
-6.949872 -13.943554 11.761278
-6.321125 -13.941143 13.304796
-5.692377 -13.938732 14.848314
-5.063629 -13.936322 16.391832
-4.434881 -13.933911 17.935350
-15.852021 -12.505034 -8.010031
-15.223273 -12.502624 -6.466513
-14.594525 -12.500213 -4.922995
-13.965777 -12.497802 -3.379477
-13.337029 -12.495391 -1.835958
-12.708282 -12.492981 -0.292440
-12.079534 -12.490570 1.251078
-11.450786 -12.488159 2.794596
-10.822038 -12.485749 4.338114
-10.193290 -12.483338 5.881632
-9.564543 -12.480927 7.425150
-8.935795 -12.478516 8.968668
-8.307047 -12.476106 10.512186
-7.678299 -12.473695 12.055705
-7.049551 -12.471284 13.599223
-6.420803 -12.468873 15.142741
-5.792056 -12.466463 16.686259
-5.163308 -12.464052 18.229777
-4.534560 -12.461641 19.773295
-3.905812 -12.459231 21.316813
-16.580447 -11.035175 -7.715604
-15.951699 -11.032765 -6.172086
-15.322952 -11.030354 -4.628568
-14.694204 -11.027943 -3.085050
-14.065456 -11.025533 -1.541532
-13.436708 -11.023122 0.001987
-12.807960 -11.020711 1.545505
-12.179213 -11.018300 3.089023
-11.550465 -11.015890 4.632541
-10.921717 -11.013479 6.176059
-10.292969 -11.011068 7.719577
-9.664221 -11.008657 9.263095
-9.035474 -11.006247 10.806613
-8.406726 -11.003836 12.350132
-7.777978 -11.001425 13.893650
-7.149230 -10.999015 15.437168
-6.520482 -10.996604 16.980686
-5.891735 -10.994193 18.524204
-5.262987 -10.991782 20.067722
-4.634239 -10.989372 21.611240
-4.005491 -10.986961 23.154758
-3.376743 -10.984550 24.698276
-17.308874 -9.565317 -7.421177
-16.680126 -9.562906 -5.877659
-16.051378 -9.560495 -4.334141
-15.422631 -9.558084 -2.790623
-14.793883 -9.555674 -1.247105
-14.165135 -9.553263 0.296414
-13.536387 -9.550852 1.839932
-12.907639 -9.548441 3.383450
-12.278891 -9.546031 4.926968
-11.650144 -9.543620 6.470486
-11.021396 -9.541209 8.014004
-10.392648 -9.538799 9.557522
-9.763900 -9.536388 11.101040
-9.135152 -9.533977 12.644558
-8.506405 -9.531566 14.188077
-7.877657 -9.529156 15.731595
-7.248909 -9.526745 17.275113
-6.620161 -9.524334 18.818631
-5.991413 -9.521924 20.362149
-5.362666 -9.519513 21.905667
-4.733918 -9.517102 23.449185
-4.105170 -9.514691 24.992703
-3.476422 -9.512281 26.536221
-18.037301 -8.095458 -7.126750
-17.408553 -8.093047 -5.583232
-16.779805 -8.090636 -4.039714
-16.151057 -8.088226 -2.496196
-15.522309 -8.085815 -0.952678
-14.893562 -8.083404 0.590840
-14.264814 -8.080993 2.134359
-13.636066 -8.078583 3.677877
-13.007318 -8.076172 5.221395
-12.378570 -8.073761 6.764913
-11.749823 -8.071350 8.308431
-11.121075 -8.068940 9.851949
-10.492327 -8.066529 11.395467
-9.863579 -8.064118 12.938985
-9.234831 -8.061708 14.482503
-8.606084 -8.059297 16.026022
-7.977336 -8.056886 17.569540
-7.348588 -8.054475 19.113058
-6.719840 -8.052065 20.656576
-6.091092 -8.049654 22.200094
-5.462345 -8.047243 23.743612
-4.833597 -8.044832 25.287130
-4.204849 -8.042422 26.830648
-3.576101 -8.040011 28.374166
-2.947353 -8.037600 29.917685
-18.765727 -6.625599 -6.832323
-18.136979 -6.623188 -5.288805
-17.508232 -6.620777 -3.745287
-16.879484 -6.618367 -2.201769
-16.250736 -6.615956 -0.658251
-15.621988 -6.613545 0.885267
-14.993240 -6.611134 2.428785
-14.364493 -6.608724 3.972304
-13.735745 -6.606313 5.515822
-13.106997 -6.603902 7.059340
-12.478249 -6.601492 8.602858
-11.849501 -6.599081 10.146376
-11.220754 -6.596670 11.689894
-10.592006 -6.594259 13.233412
-9.963258 -6.591849 14.776930
-9.334510 -6.589438 16.320448
-8.705762 -6.587027 17.863967
-8.077015 -6.584616 19.407485
-7.448267 -6.582206 20.951003
-6.819519 -6.579795 22.494521
-6.190771 -6.577384 24.038039
-5.562023 -6.574974 25.581557
-4.933276 -6.572563 27.125075
-4.304528 -6.570152 28.668593
-19.494154 -5.155740 -6.537896
-18.865406 -5.153329 -4.994378
-18.236658 -5.150918 -3.450860
-17.607911 -5.148508 -1.907342
-16.979163 -5.146097 -0.363824
-16.350415 -5.143686 1.179694
-15.721667 -5.141276 2.723212
-15.092919 -5.138865 4.266730
-14.464172 -5.136454 5.810249
-13.835424 -5.134043 7.353767
-13.206676 -5.131633 8.897285
-12.577928 -5.129222 10.440803
-11.949180 -5.126811 11.984321
-11.320433 -5.124401 13.527839
-10.691685 -5.121990 15.071357
-10.062937 -5.119579 16.614875
-9.434189 -5.117168 18.158393
-8.805441 -5.114758 19.701912
-8.176694 -5.112347 21.245430
-7.547946 -5.109936 22.788948
-6.919198 -5.107525 24.332466
-6.290450 -5.105115 25.875984
-5.661702 -5.102704 27.419502
-20.222581 -3.685881 -6.243469
-19.593833 -3.683470 -4.699951
-18.965085 -3.681060 -3.156433
-18.336337 -3.678649 -1.612915
-17.707589 -3.676238 -0.069397
-17.078842 -3.673827 1.474121
-16.450094 -3.671417 3.017639
-15.821346 -3.669006 4.561157
-15.192598 -3.666595 6.104675
-14.563850 -3.664185 7.648194
-13.935103 -3.661774 9.191712
-13.306355 -3.659363 10.735230
-12.677607 -3.656952 12.278748
-12.048859 -3.654542 13.822266
-11.420111 -3.652131 15.365784
-10.791364 -3.649720 16.909302
-10.162616 -3.647309 18.452820
-9.533868 -3.644899 19.996338
-8.905120 -3.642488 21.539857
-8.276372 -3.640077 23.083375
-7.647625 -3.637667 24.626893
-20.951007 -2.216022 -5.949043
-20.322260 -2.213611 -4.405524
-19.693512 -2.211201 -2.862006
-19.064764 -2.208790 -1.318488
-18.436016 -2.206379 0.225030
-17.807268 -2.203969 1.768548
-17.178521 -2.201558 3.312066
-16.549773 -2.199147 4.855584
-15.921025 -2.196736 6.399102
-15.292277 -2.194326 7.942620
-14.663529 -2.191915 9.486139
-14.034782 -2.189504 11.029657
-13.406034 -2.187093 12.573175
-12.777286 -2.184683 14.116693
-12.148538 -2.182272 15.660211
-11.519790 -2.179861 17.203729
-10.891042 -2.177451 18.747247
-10.262295 -2.175040 20.290765
-9.633547 -2.172629 21.834283
-21.679434 -0.746163 -5.654616
-21.050686 -0.743753 -4.111098
-20.421938 -0.741342 -2.567579
-19.793191 -0.738931 -1.024061
-19.164443 -0.736520 0.519457
-18.535695 -0.734110 2.062975
-17.906947 -0.731699 3.606493
-17.278199 -0.729288 5.150011
-16.649452 -0.726877 6.693529
-16.020704 -0.724467 8.237047
-15.391956 -0.722056 9.780565
-14.763208 -0.719645 11.324084
-14.134460 -0.717235 12.867602
-13.505713 -0.714824 14.411120
-12.876965 -0.712413 15.954638
-12.248217 -0.710002 17.498156
-11.619469 -0.707592 19.041674
-10.990721 -0.705181 20.585192
-22.407861 0.723696 -5.360189
-21.779113 0.726106 -3.816671
-21.150365 0.728517 -2.273153
-20.521617 0.730928 -0.729634
-19.892870 0.733339 0.813884
-19.264122 0.735749 2.357402
-18.635374 0.738160 3.900920
-18.006626 0.740571 5.444438
-17.377878 0.742981 6.987956
-16.749131 0.745392 8.531474
-16.120383 0.747803 10.074992
-15.491635 0.750214 11.618510
-14.862887 0.752624 13.162029
-14.234139 0.755035 14.705547
-13.605391 0.757446 16.249065
-12.976644 0.759856 17.792583
-23.136287 2.193555 -5.065762
-22.507540 2.195965 -3.522244
-21.878792 2.198376 -1.978726
-21.250044 2.200787 -0.435208
-20.621296 2.203197 1.108311
-19.992548 2.205608 2.651829
-19.363801 2.208019 4.195347
-18.735053 2.210430 5.738865
-18.106305 2.212840 7.282383
-17.477557 2.215251 8.825901
-16.848809 2.217662 10.369419
-16.220062 2.220072 11.912937
-15.591314 2.222483 13.456456
-14.962566 2.224894 14.999974
-23.864714 3.663413 -4.771335
-23.235966 3.665824 -3.227817
-22.607219 3.668235 -1.684299
-21.978471 3.670646 -0.140781
-21.349723 3.673056 1.402738
-20.720975 3.675467 2.946256
-20.092227 3.677878 4.489774
-19.463479 3.680288 6.033292
-18.834732 3.682699 7.576810
-18.205984 3.685110 9.120328
-17.577236 3.687521 10.663846
-16.948488 3.689931 12.207364
-24.593141 5.133272 -4.476908
-23.964393 5.135683 -2.933390
-23.335645 5.138094 -1.389872
-22.706897 5.140504 0.153646
-22.078150 5.142915 1.697164
-21.449402 5.145326 3.240683
-20.820654 5.147737 4.784201
-20.191906 5.150147 6.327719
-19.563158 5.152558 7.871237
-18.934411 5.154969 9.414755
-18.305663 5.157380 10.958273
-25.321567 6.603131 -4.182481
-24.692820 6.605542 -2.638963
-24.064072 6.607953 -1.095445
-23.435324 6.610363 0.448073
-22.806576 6.612774 1.991591
-22.177828 6.615185 3.535109
-21.549081 6.617596 5.078628
-20.920333 6.620006 6.622146
-20.291585 6.622417 8.165664
-26.049994 8.072990 -3.888054
-25.421246 8.075401 -2.344536
-24.792499 8.077811 -0.801018
-24.163751 8.080222 0.742500
-23.535003 8.082633 2.286018
-22.906255 8.085044 3.829536
-22.277507 8.087454 5.373054
-26.778421 9.542849 -3.593627
-26.149673 9.545260 -2.050109
-25.520925 9.547670 -0.506591
-24.892177 9.550081 1.036927
-24.263430 9.552492 2.580445
-27.506848 11.012708 -3.299200
-26.878100 11.015119 -1.755682
-26.249352 11.017529 -0.212164
-25.620604 11.019940 1.331354
-28.235274 12.482567 -3.004774
-27.606526 12.484977 -1.461255
-26.206954 11.746607 0.922761
-25.373620 11.265484 2.283589
-24.540286 10.784360 3.644417
-23.706952 10.303237 5.005244
-22.873617 9.822113 6.366072
-22.040283 9.340990 7.726900
-21.559156 7.952101 6.941226
-21.206949 8.859866 9.087728
-20.725822 7.470978 8.302054
-20.373615 8.378743 10.448555
-19.892488 6.989854 9.662882
-19.540280 7.897619 11.809383
-19.059154 6.508731 11.023709
-18.706946 7.416496 13.170211
-18.225819 6.027607 12.384537
-17.873612 6.935372 14.531038
-17.392485 5.546484 13.745365
-16.911358 4.157595 12.959691
-17.040278 6.454249 15.891866
-16.559151 5.065360 15.106192
-16.078024 3.676472 14.320519
-16.206943 5.973126 17.252694
-15.725817 4.584237 16.467020
-15.244690 3.195348 15.681346
-15.373609 5.492002 18.613521
-14.892482 4.103113 17.827848
-14.411356 2.714225 17.042174
-14.540275 5.010879 19.974349
-14.059148 3.621990 19.188675
-13.578021 2.233101 18.403002
-13.706941 4.529755 21.335177
-13.225814 3.140866 20.549503
-12.744687 1.751978 19.763829
-12.263560 0.363089 18.978156
-12.873606 4.048632 22.696004
-12.392480 2.659743 21.910331
-11.911353 1.270854 21.124657
-11.430226 -0.118034 20.338984
-12.040272 3.567508 24.056832
-11.559145 2.178619 23.271158
-11.078019 0.789731 22.485485
-10.596892 -0.599158 21.699811
-11.206938 3.086385 25.417660
-10.725811 1.697496 24.631986
-10.244684 0.308607 23.846313
-9.763557 -1.080281 23.060639
-10.373604 2.605261 26.778487
-9.892477 1.216372 25.992814
-9.411350 -0.172516 25.207140
-8.930223 -1.561405 24.421467
-9.540269 2.124138 28.139315
-9.059143 0.735249 27.353642
-8.578016 -0.653640 26.567968
-8.096889 -2.042528 25.782294
-8.706935 1.643014 29.500143
-8.225808 0.254126 28.714469
-7.744682 -1.134763 27.928796
-7.263555 -2.523652 27.143122
-6.782428 -3.912541 26.357448
-7.873601 1.161891 30.860970
-7.392474 -0.226998 30.075297
-6.911347 -1.615887 29.289623
-6.430220 -3.004775 28.503950
-5.949094 -4.393664 27.718276
-6.559140 -0.708121 31.436125
-6.078013 -2.097010 30.650451
-5.596886 -3.485899 29.864777
-5.115759 -4.874787 29.079104
-4.763552 -3.967022 31.225605
-4.282425 -5.355911 30.439931
4.506767 -31.101605 -13.382028
2.840100 -31.101605 -13.382028
2.840100 -31.657162 -11.810681
2.840100 -32.212719 -10.239333
1.173433 -31.101605 -13.382028
1.173433 -31.657162 -11.810681
1.173433 -32.212719 -10.239333
1.173433 -32.768275 -8.667985
-0.493233 -31.101605 -13.382028
-0.493233 -31.657162 -11.810681
-0.493233 -32.212719 -10.239333
-0.493233 -32.768275 -8.667985
-0.493233 -33.323832 -7.096637
-2.159900 -31.101605 -13.382028
-2.159900 -31.657162 -11.810681
-2.159900 -32.212719 -10.239333
-3.826567 -31.101605 -13.382028
-3.826567 -31.657162 -11.810681
-24.414700 6.171267 -16.167700
-22.748033 2.837933 -16.167700
-22.748033 4.504600 -16.167700
-21.081367 -0.495400 -16.167700
-21.081367 1.171267 -16.167700
-19.414700 -2.162067 -16.167700
-19.414700 -0.495400 -16.167700
-17.748033 -5.495400 -16.167700
-17.748033 -3.828733 -16.167700
-17.748033 -2.162067 -16.167700
-16.081367 -8.828733 -16.167700
-16.081367 -7.162067 -16.167700
-16.081367 -5.495400 -16.167700
-16.081367 -3.828733 -16.167700
-14.414700 -12.162067 -16.167700
-14.414700 -10.495400 -16.167700
-14.414700 -8.828733 -16.167700
-14.414700 -7.162067 -16.167700
-14.414700 -5.495400 -16.167700
-12.748033 -13.828733 -16.167700
-12.748033 -12.162067 -16.167700
-12.748033 -10.495400 -16.167700
-12.748033 -8.828733 -16.167700
-12.748033 -7.162067 -16.167700
-11.081367 -17.162067 -16.167700
-11.081367 -15.495400 -16.167700
-11.081367 -13.828733 -16.167700
-11.081367 -12.162067 -16.167700
-11.081367 -10.495400 -16.167700
-9.414700 -20.495400 -16.167700
-9.414700 -18.828733 -16.167700
-9.414700 -17.162067 -16.167700
-9.414700 -15.495400 -16.167700
-9.414700 -13.828733 -16.167700
-9.414700 -12.162067 -16.167700
-7.748033 -22.162067 -16.167700
-7.748033 -20.495400 -16.167700
-7.748033 -18.828733 -16.167700
-7.748033 -17.162067 -16.167700
-7.748033 -15.495400 -16.167700
-7.748033 -13.828733 -16.167700
-6.081367 -25.495400 -16.167700
-6.081367 -23.828733 -16.167700
-6.081367 -22.162067 -16.167700
-6.081367 -20.495400 -16.167700
-6.081367 -18.828733 -16.167700
-6.081367 -17.162067 -16.167700
-6.081367 -15.495400 -16.167700
-4.414700 -27.162067 -16.167700
-4.414700 -25.495400 -16.167700
-4.414700 -23.828733 -16.167700
-4.414700 -22.162067 -16.167700
-4.414700 -20.495400 -16.167700
-4.414700 -18.828733 -16.167700
-4.414700 -17.162067 -16.167700
-2.748033 -27.162067 -16.167700
-2.748033 -25.495400 -16.167700
-2.748033 -23.828733 -16.167700
-2.748033 -22.162067 -16.167700
-2.748033 -20.495400 -16.167700
-2.748033 -18.828733 -16.167700
-1.081367 -27.162067 -16.167700
-1.081367 -25.495400 -16.167700
-1.081367 -23.828733 -16.167700
-1.081367 -22.162067 -16.167700
0.585300 -27.162067 -16.167700
0.585300 -25.495400 -16.167700
0.585300 -23.828733 -16.167700
2.251967 -27.162067 -16.167700
2.251967 -25.495400 -16.167700
3.918633 -27.162067 -16.167700
17.552237 18.058111 -16.167700
13.832155 18.281436 -16.167700
15.275523 17.448089 -16.167700
10.112072 18.504761 -16.167700
11.555440 17.671415 -16.167700
7.835357 17.894740 -16.167700
9.278725 17.061393 -16.167700
4.115275 18.118066 -16.167700
5.558643 17.284719 -16.167700
7.002011 16.451372 -16.167700
0.395192 18.341391 -16.167700
1.838560 17.508044 -16.167700
3.281928 16.674698 -16.167700
4.725296 15.841351 -16.167700
-3.324890 18.564716 -16.167700
-1.881522 17.731370 -16.167700
-0.438154 16.898023 -16.167700
1.005213 16.064676 -16.167700
2.448581 15.231330 -16.167700
-5.601605 17.954695 -16.167700
-4.158237 17.121348 -16.167700
-2.714869 16.288002 -16.167700
-1.271501 15.454655 -16.167700
0.171867 14.621308 -16.167700
-9.321688 18.178021 -16.167700
-7.878320 17.344674 -16.167700
-6.434952 16.511327 -16.167700
-4.991584 15.677980 -16.167700
-3.548216 14.844634 -16.167700
-13.041770 18.401346 -16.167700
-11.598402 17.567999 -16.167700
-10.155034 16.734653 -16.167700
-8.711666 15.901306 -16.167700
-7.268298 15.067959 -16.167700
-5.824930 14.234613 -16.167700
-15.318485 17.791325 -16.167700
-13.875117 16.957978 -16.167700
-12.431749 16.124631 -16.167700
-10.988381 15.291285 -16.167700
-9.545013 14.457938 -16.167700
-8.101645 13.624591 -16.167700
-19.038568 18.014650 -16.167700
-17.595200 17.181303 -16.167700
-16.151832 16.347957 -16.167700
-14.708464 15.514610 -16.167700
-13.265096 14.681263 -16.167700
-11.821728 13.847917 -16.167700
-10.378360 13.014570 -16.167700
-21.315282 17.404629 -16.167700
-19.871914 16.571282 -16.167700
-18.428546 15.737935 -16.167700
-16.985178 14.904589 -16.167700
-15.541810 14.071242 -16.167700
-14.098442 13.237895 -16.167700
-12.655074 12.404549 -16.167700
-22.148629 15.961261 -16.167700
-20.705261 15.127914 -16.167700
-19.261893 14.294568 -16.167700
-17.818525 13.461221 -16.167700
-16.375157 12.627874 -16.167700
-14.931789 11.794527 -16.167700
-22.981976 14.517893 -16.167700
-21.538608 13.684546 -16.167700
-20.095240 12.851200 -16.167700
-18.651872 12.017853 -16.167700
-23.815322 13.074525 -16.167700
-22.371954 12.241178 -16.167700
-20.928586 11.407832 -16.167700
-24.648669 11.631157 -16.167700
-23.205301 10.797810 -16.167700
-25.482016 10.187789 -16.167700
-25.739355 9.286675 -16.167700
-24.650335 8.025004 -16.167700
-23.388664 9.114024 -16.167700
-22.126993 10.203044 -16.167700
-23.561314 6.763333 -16.167700
-22.299644 7.852353 -16.167700
-21.037973 8.941373 -16.167700
-19.776302 10.030393 -16.167700
-22.472294 5.501662 -16.167700
-21.210624 6.590682 -16.167700
-19.948953 7.679703 -16.167700
-18.687282 8.768723 -16.167700
-17.425611 9.857743 -16.167700
-16.163941 10.946763 -16.167700
-21.383274 4.239992 -16.167700
-20.121604 5.329012 -16.167700
-18.859933 6.418032 -16.167700
-17.598262 7.507052 -16.167700
-16.336591 8.596072 -16.167700
-15.074921 9.685092 -16.167700
-13.813250 10.774112 -16.167700
-12.551579 11.863132 -16.167700
-20.294254 2.978321 -16.167700
-19.032584 4.067341 -16.167700
-17.770913 5.156361 -16.167700
-16.509242 6.245381 -16.167700
-15.247571 7.334401 -16.167700
-13.985901 8.423421 -16.167700
-12.724230 9.512441 -16.167700
-11.462559 10.601461 -16.167700
-10.200888 11.690481 -16.167700
-8.939218 12.779502 -16.167700
-19.205234 1.716650 -16.167700
-17.943563 2.805670 -16.167700
-16.681893 3.894690 -16.167700
-15.420222 4.983710 -16.167700
-14.158551 6.072730 -16.167700
-12.896880 7.161751 -16.167700
-11.635210 8.250771 -16.167700
-10.373539 9.339791 -16.167700
-9.111868 10.428811 -16.167700
-7.850197 11.517831 -16.167700
-6.588527 12.606851 -16.167700
-18.116214 0.454979 -16.167700
-16.854543 1.544000 -16.167700
-15.592873 2.633020 -16.167700
-14.331202 3.722040 -16.167700
-13.069531 4.811060 -16.167700
-11.807860 5.900080 -16.167700
-10.546190 6.989100 -16.167700
-9.284519 8.078120 -16.167700
-8.022848 9.167140 -16.167700
-6.761177 10.256160 -16.167700
-5.499507 11.345180 -16.167700
-4.237836 12.434200 -16.167700
-2.976165 13.523220 -16.167700
-17.027194 -0.806691 -16.167700
-15.765523 0.282329 -16.167700
-14.503853 1.371349 -16.167700
-13.242182 2.460369 -16.167700
-11.980511 3.549389 -16.167700
-10.718840 4.638409 -16.167700
-9.457170 5.727429 -16.167700
-8.195499 6.816449 -16.167700
-6.933828 7.905469 -16.167700
-5.672157 8.994489 -16.167700
-4.410487 10.083509 -16.167700
-3.148816 11.172529 -16.167700
-1.887145 12.261550 -16.167700
-0.625474 13.350570 -16.167700
0.636196 14.439590 -16.167700
-15.938174 -2.068362 -16.167700
-14.676503 -0.979342 -16.167700
-13.414832 0.109678 -16.167700
-12.153162 1.198698 -16.167700
-10.891491 2.287718 -16.167700
-9.629820 3.376738 -16.167700
-8.368150 4.465758 -16.167700
-7.106479 5.554778 -16.167700
-5.844808 6.643799 -16.167700
-4.583137 7.732819 -16.167700
-3.321467 8.821839 -16.167700
-2.059796 9.910859 -16.167700
-0.798125 10.999879 -16.167700
0.463546 12.088899 -16.167700
1.725216 13.177919 -16.167700
2.986887 14.266939 -16.167700
-14.849154 -3.330033 -16.167700
-13.587483 -2.241013 -16.167700
-12.325812 -1.151993 -16.167700
-11.064142 -0.062973 -16.167700
-9.802471 1.026047 -16.167700
-8.540800 2.115068 -16.167700
-7.279129 3.204088 -16.167700
-6.017459 4.293108 -16.167700
-4.755788 5.382128 -16.167700
-3.494117 6.471148 -16.167700
-2.232446 7.560168 -16.167700
-0.970776 8.649188 -16.167700
0.290895 9.738208 -16.167700
1.552566 10.827228 -16.167700
2.814237 11.916248 -16.167700
4.075907 13.005268 -16.167700
5.337578 14.094288 -16.167700
6.599249 15.183308 -16.167700
-13.760134 -4.591704 -16.167700
-12.498463 -3.502683 -16.167700
-11.236792 -2.413663 -16.167700
-9.975122 -1.324643 -16.167700
-8.713451 -0.235623 -16.167700
-7.451780 0.853397 -16.167700
-6.190109 1.942417 -16.167700
-4.928439 3.031437 -16.167700
-3.666768 4.120457 -16.167700
-2.405097 5.209477 -16.167700
-1.143426 6.298497 -16.167700
0.118244 7.387517 -16.167700
1.379915 8.476537 -16.167700
2.641586 9.565557 -16.167700
3.903257 10.654577 -16.167700
5.164927 11.743598 -16.167700
6.426598 12.832618 -16.167700
7.688269 13.921638 -16.167700
8.949940 15.010658 -16.167700
10.211610 16.099678 -16.167700
-12.671114 -5.853374 -16.167700
-11.409443 -4.764354 -16.167700
-10.147772 -3.675334 -16.167700
-8.886102 -2.586314 -16.167700
-7.624431 -1.497294 -16.167700
-6.362760 -0.408274 -16.167700
-5.101089 0.680746 -16.167700
-3.839419 1.769766 -16.167700
-2.577748 2.858786 -16.167700
-1.316077 3.947806 -16.167700
-0.054406 5.036826 -16.167700
1.207264 6.125846 -16.167700
2.468935 7.214867 -16.167700
3.730606 8.303887 -16.167700
4.992277 9.392907 -16.167700
6.253947 10.481927 -16.167700
7.515618 11.570947 -16.167700
8.777289 12.659967 -16.167700
10.038960 13.748987 -16.167700
11.300630 14.838007 -16.167700
12.562301 15.927027 -16.167700
13.823972 17.016047 -16.167700
-11.582094 -7.115045 -16.167700
-10.320423 -6.026025 -16.167700
-9.058752 -4.937005 -16.167700
-7.797081 -3.847985 -16.167700
-6.535411 -2.758965 -16.167700
-5.273740 -1.669945 -16.167700
-4.012069 -0.580925 -16.167700
-2.750398 0.508095 -16.167700
-1.488728 1.597116 -16.167700
-0.227057 2.686136 -16.167700
1.034614 3.775156 -16.167700
2.296284 4.864176 -16.167700
3.557955 5.953196 -16.167700
4.819626 7.042216 -16.167700
6.081297 8.131236 -16.167700
7.342967 9.220256 -16.167700
8.604638 10.309276 -16.167700
9.866309 11.398296 -16.167700
11.127980 12.487316 -16.167700
12.389650 13.576336 -16.167700
13.651321 14.665356 -16.167700
14.912992 15.754376 -16.167700
16.174663 16.843396 -16.167700
-10.493074 -8.376716 -16.167700
-9.231403 -7.287696 -16.167700
-7.969732 -6.198676 -16.167700
-6.708061 -5.109656 -16.167700
-5.446391 -4.020635 -16.167700
-4.184720 -2.931615 -16.167700
-2.923049 -1.842595 -16.167700
-1.661378 -0.753575 -16.167700
-0.399708 0.335445 -16.167700
0.861963 1.424465 -16.167700
2.123634 2.513485 -16.167700
3.385305 3.602505 -16.167700
4.646975 4.691525 -16.167700
5.908646 5.780545 -16.167700
7.170317 6.869565 -16.167700
8.431988 7.958585 -16.167700
9.693658 9.047605 -16.167700
10.955329 10.136625 -16.167700
12.217000 11.225645 -16.167700
13.478671 12.314666 -16.167700
14.740341 13.403686 -16.167700
16.002012 14.492706 -16.167700
17.263683 15.581726 -16.167700
18.525353 16.670746 -16.167700
19.787024 17.759766 -16.167700
-9.404054 -9.638387 -16.167700
-8.142383 -8.549366 -16.167700
-6.880712 -7.460346 -16.167700
-5.619041 -6.371326 -16.167700
-4.357371 -5.282306 -16.167700
-3.095700 -4.193286 -16.167700
-1.834029 -3.104266 -16.167700
-0.572358 -2.015246 -16.167700
0.689312 -0.926226 -16.167700
1.950983 0.162794 -16.167700
3.212654 1.251814 -16.167700
4.474325 2.340834 -16.167700
5.735995 3.429854 -16.167700
6.997666 4.518874 -16.167700
8.259337 5.607894 -16.167700
9.521008 6.696915 -16.167700
10.782678 7.785935 -16.167700
12.044349 8.874955 -16.167700
13.306020 9.963975 -16.167700
14.567691 11.052995 -16.167700
15.829361 12.142015 -16.167700
17.091032 13.231035 -16.167700
18.352703 14.320055 -16.167700
19.614374 15.409075 -16.167700
-8.315033 -10.900057 -16.167700
-7.053363 -9.811037 -16.167700
-5.791692 -8.722017 -16.167700
-4.530021 -7.632997 -16.167700
-3.268351 -6.543977 -16.167700
-2.006680 -5.454957 -16.167700
-0.745009 -4.365937 -16.167700
0.516662 -3.276917 -16.167700
1.778332 -2.187897 -16.167700
3.040003 -1.098877 -16.167700
4.301674 -0.009857 -16.167700
5.563345 1.079164 -16.167700
6.825015 2.168184 -16.167700
8.086686 3.257204 -16.167700
9.348357 4.346224 -16.167700
10.610028 5.435244 -16.167700
11.871698 6.524264 -16.167700
13.133369 7.613284 -16.167700
14.395040 8.702304 -16.167700
15.656711 9.791324 -16.167700
16.918381 10.880344 -16.167700
18.180052 11.969364 -16.167700
19.441723 13.058384 -16.167700
-7.226013 -12.161728 -16.167700
-5.964343 -11.072708 -16.167700
-4.702672 -9.983688 -16.167700
-3.441001 -8.894668 -16.167700
-2.179330 -7.805648 -16.167700
-0.917660 -6.716628 -16.167700
0.344011 -5.627608 -16.167700
1.605682 -4.538588 -16.167700
2.867353 -3.449567 -16.167700
4.129023 -2.360547 -16.167700
5.390694 -1.271527 -16.167700
6.652365 -0.182507 -16.167700
7.914036 0.906513 -16.167700
9.175706 1.995533 -16.167700
10.437377 3.084553 -16.167700
11.699048 4.173573 -16.167700
12.960718 5.262593 -16.167700
14.222389 6.351613 -16.167700
15.484060 7.440633 -16.167700
16.745731 8.529653 -16.167700
18.007401 9.618673 -16.167700
-6.136993 -13.423399 -16.167700
-4.875323 -12.334379 -16.167700
-3.613652 -11.245359 -16.167700
-2.351981 -10.156339 -16.167700
-1.090310 -9.067318 -16.167700
0.171360 -7.978298 -16.167700
1.433031 -6.889278 -16.167700
2.694702 -5.800258 -16.167700
3.956373 -4.711238 -16.167700
5.218043 -3.622218 -16.167700
6.479714 -2.533198 -16.167700
7.741385 -1.444178 -16.167700
9.003056 -0.355158 -16.167700
10.264726 0.733862 -16.167700
11.526397 1.822882 -16.167700
12.788068 2.911902 -16.167700
14.049739 4.000922 -16.167700
15.311409 5.089942 -16.167700
16.573080 6.178962 -16.167700
-5.047973 -14.685069 -16.167700
-3.786303 -13.596049 -16.167700
-2.524632 -12.507029 -16.167700
-1.262961 -11.418009 -16.167700
-0.001290 -10.328989 -16.167700
1.260380 -9.239969 -16.167700
2.522051 -8.150949 -16.167700
3.783722 -7.061929 -16.167700
5.045393 -5.972909 -16.167700
6.307063 -4.883889 -16.167700
7.568734 -3.794869 -16.167700
8.830405 -2.705849 -16.167700
10.092076 -1.616829 -16.167700
11.353746 -0.527809 -16.167700
12.615417 0.561211 -16.167700
13.877088 1.650232 -16.167700
15.138759 2.739252 -16.167700
16.400429 3.828272 -16.167700
-3.958953 -15.946740 -16.167700
-2.697282 -14.857720 -16.167700
-1.435612 -13.768700 -16.167700
-0.173941 -12.679680 -16.167700
1.087730 -11.590660 -16.167700
2.349401 -10.501640 -16.167700
3.611071 -9.412620 -16.167700
4.872742 -8.323600 -16.167700
6.134413 -7.234580 -16.167700
7.396083 -6.145560 -16.167700
8.657754 -5.056540 -16.167700
9.919425 -3.967519 -16.167700
11.181096 -2.878499 -16.167700
12.442766 -1.789479 -16.167700
13.704437 -0.700459 -16.167700
14.966108 0.388561 -16.167700
-2.869933 -17.208411 -16.167700
-1.608262 -16.119391 -16.167700
-0.346592 -15.030371 -16.167700
0.915079 -13.941351 -16.167700
2.176750 -12.852331 -16.167700
3.438421 -11.763311 -16.167700
4.700091 -10.674291 -16.167700
5.961762 -9.585270 -16.167700
7.223433 -8.496250 -16.167700
8.485104 -7.407230 -16.167700
9.746774 -6.318210 -16.167700
11.008445 -5.229190 -16.167700
12.270116 -4.140170 -16.167700
13.531787 -3.051150 -16.167700
-1.780913 -18.470082 -16.167700
-0.519242 -17.381062 -16.167700
0.742428 -16.292042 -16.167700
2.004099 -15.203022 -16.167700
3.265770 -14.114001 -16.167700
4.527441 -13.024981 -16.167700
5.789111 -11.935961 -16.167700
7.050782 -10.846941 -16.167700
8.312453 -9.757921 -16.167700
9.574124 -8.668901 -16.167700
10.835794 -7.579881 -16.167700
12.097465 -6.490861 -16.167700
-0.691893 -19.731752 -16.167700
0.569778 -18.642732 -16.167700
1.831448 -17.553712 -16.167700
3.093119 -16.464692 -16.167700
4.354790 -15.375672 -16.167700
5.616461 -14.286652 -16.167700
6.878131 -13.197632 -16.167700
8.139802 -12.108612 -16.167700
9.401473 -11.019592 -16.167700
10.663144 -9.930572 -16.167700
11.924814 -8.841552 -16.167700
0.397127 -20.993423 -16.167700
1.658798 -19.904403 -16.167700
2.920469 -18.815383 -16.167700
4.182139 -17.726363 -16.167700
5.443810 -16.637343 -16.167700
6.705481 -15.548323 -16.167700
7.967152 -14.459303 -16.167700
9.228822 -13.370283 -16.167700
10.490493 -12.281263 -16.167700
1.486147 -22.255094 -16.167700
2.747818 -21.166074 -16.167700
4.009489 -20.077054 -16.167700
5.271159 -18.988034 -16.167700
6.532830 -17.899014 -16.167700
7.794501 -16.809994 -16.167700
9.056172 -15.720974 -16.167700
2.575167 -23.516765 -16.167700
3.836838 -22.427745 -16.167700
5.098509 -21.338725 -16.167700
6.360179 -20.249704 -16.167700
7.621850 -19.160684 -16.167700
3.664187 -24.778435 -16.167700
4.925858 -23.689415 -16.167700
6.187529 -22.600395 -16.167700
7.449199 -21.511375 -16.167700
4.753207 -26.040106 -16.167700
6.014878 -24.951086 -16.167700
7.535088 -22.526922 -16.167700
8.368424 -21.083548 -16.167700
9.201760 -19.640174 -16.167700
10.035096 -18.196800 -16.167700
10.868432 -16.753425 -16.167700
11.701768 -15.310051 -16.167700
10.258393 -14.476715 -16.167700
12.535103 -13.866677 -16.167700
11.091729 -13.033341 -16.167700
13.368439 -12.423303 -16.167700
11.925065 -11.589967 -16.167700
14.201775 -10.979928 -16.167700
12.758401 -10.146593 -16.167700
15.035111 -9.536554 -16.167700
13.591737 -8.703218 -16.167700
15.868447 -8.093180 -16.167700
14.425072 -7.259844 -16.167700
12.981698 -6.426508 -16.167700
16.701783 -6.649806 -16.167700
15.258408 -5.816470 -16.167700
13.815034 -4.983134 -16.167700
17.535118 -5.206432 -16.167700
16.091744 -4.373096 -16.167700
14.648370 -3.539760 -16.167700
18.368454 -3.763057 -16.167700
16.925080 -2.929722 -16.167700
15.481706 -2.096386 -16.167700
19.201790 -2.319683 -16.167700
17.758416 -1.486347 -16.167700
16.315042 -0.653011 -16.167700
20.035126 -0.876309 -16.167700
18.591752 -0.042973 -16.167700
17.148377 0.790363 -16.167700
15.705003 1.623699 -16.167700
20.868462 0.567065 -16.167700
19.425088 1.400401 -16.167700
17.981713 2.233737 -16.167700
16.538339 3.067073 -16.167700
21.701798 2.010440 -16.167700
20.258423 2.843775 -16.167700
18.815049 3.677111 -16.167700
17.371675 4.510447 -16.167700
22.535133 3.453814 -16.167700
21.091759 4.287150 -16.167700
19.648385 5.120485 -16.167700
18.205011 5.953821 -16.167700
23.368469 4.897188 -16.167700
21.925095 5.730524 -16.167700
20.481721 6.563860 -16.167700
19.038347 7.397196 -16.167700
24.201805 6.340562 -16.167700
22.758431 7.173898 -16.167700
21.315057 8.007234 -16.167700
19.871682 8.840570 -16.167700
25.035141 7.783936 -16.167700
23.591767 8.617272 -16.167700
22.148392 9.450608 -16.167700
20.705018 10.283944 -16.167700
19.261644 11.117280 -16.167700
25.868477 9.227311 -16.167700
24.425103 10.060647 -16.167700
22.981728 10.893982 -16.167700
21.538354 11.727318 -16.167700
20.094980 12.560654 -16.167700
25.258438 11.504021 -16.167700
23.815064 12.337357 -16.167700
22.371690 13.170692 -16.167700
20.928316 14.004028 -16.167700
23.205026 14.614067 -16.167700
21.761652 15.447403 -16.167700
-29.188064 11.647811 -13.382033
-28.354718 13.091179 -13.382033
-28.835843 13.368963 -11.810686
-29.316969 13.646747 -10.239339
-27.521371 14.534547 -13.382033
-28.002497 14.812331 -11.810686
-28.483622 15.090115 -10.239339
-28.964748 15.367899 -8.667992
-26.688024 15.977915 -13.382033
-27.169150 16.255699 -11.810686
-27.650276 16.533483 -10.239339
-28.131401 16.811267 -8.667992
-28.612527 17.089051 -7.096644
-25.854677 17.421283 -13.382033
-26.335803 17.699067 -11.810686
-26.816929 17.976851 -10.239339
-25.021331 18.864651 -13.382033
-25.502457 19.142435 -11.810686
29.188281 16.499634 -6.520655
28.354944 16.980760 -7.881481
28.836069 15.591872 -8.667157
29.317193 14.202984 -9.452833
27.521608 17.461886 -9.242306
28.002732 16.072998 -10.027982
28.483856 14.684110 -10.813659
28.964981 13.295222 -11.599335
26.688271 17.943012 -10.603132
27.169396 16.554124 -11.388808
27.650520 15.165236 -12.174484
28.131644 13.776348 -12.960160
28.612768 12.387460 -13.745837
25.854935 18.424138 -11.963957
26.336059 17.035250 -12.749633
26.817183 15.646362 -13.535310
25.021598 18.905263 -13.324783
25.502723 17.516375 -14.110459
